0.157449 0.036125 
-0.358907 -0.290466 
-0.706277 0.101176 
0.313669 0.031865 
-0.225639 -0.307361 
-0.678125 0.127336 
0.340982 0.051050 
-0.198057 -0.290282 
-0.543205 0.244354 
0.429307 0.041299 
-0.117400 -0.278774 
-0.514106 0.261907 
0.454726 0.058425 
-0.089814 -0.247666 
-0.390905 0.335769 
0.175995 0.023441 
-0.354400 -0.306792 
-0.697090 0.148757 
0.207618 0.047401 
-0.228128 -0.324530 
-0.668811 0.175918 
0.330122 0.011374 
-0.201896 -0.298570 
-0.535534 0.287467 
0.360487 0.040125 
-0.118748 -0.295401 
-0.512194 0.307301 
0.442188 0.014807 
-0.088471 -0.260344 
-0.377771 0.361716 
0.179879 0.016013 
-0.378052 -0.355980 
-0.677730 0.206047 
0.210047 0.048008 
-0.223314 -0.345819 
-0.516939 0.344712 
0.326671 0.007150 
-0.198406 -0.317946 
-0.489276 0.366693 
0.432894 0.017217 
-0.115552 -0.309120 
-0.370388 0.414535 
0.461955 0.040966 
-0.088528 -0.287536 
-0.340261 0.438131 
0.185484 0.020899 
-0.372821 -0.363734 
-0.668651 0.257915 
0.215788 0.042507 
-0.344621 -0.339396 
-0.518202 0.380562 
0.327406 0.013202 
-0.217208 -0.355201 
-0.490142 0.401301 
0.358357 0.035774 
-0.193748 -0.337826 
-0.376236 0.438411 
0.459338 0.046893 
-0.111688 -0.309225 
-0.344412 0.464154 
0.194192 0.021787 
-0.357370 -0.370719 
-0.663516 0.271028 
0.227415 0.047524 
-0.209093 -0.367832 
-0.637353 0.286566 
0.358952 0.043860 
-0.173805 -0.345663 
-0.516220 0.395166 
0.428541 0.028349 
-0.115217 -0.334212 
-0.484913 0.407950 
0.456182 0.048396 
-0.092282 -0.309515 
-0.379950 0.451636 
0.200911 0.015294 
-0.372433 -0.385999 
-0.649615 0.343766 
0.233943 0.040632 
-0.346040 -0.359437 
-0.626100 0.371959 
0.333944 0.003910 
-0.196536 -0.369489 
-0.505637 0.456380 
0.362753 0.019886 
-0.136952 -0.343429 
-0.473507 0.473353 
0.447455 0.030275 
-0.108728 -0.316508 
-0.377511 0.493676 
0.208859 -0.003712 
-0.357806 -0.395056 
-0.629370 0.365551 
0.236710 0.018095 
-0.330003 -0.366406 
-0.597082 0.386677 
0.337054 -0.007639 
-0.182538 -0.364395 
-0.463407 0.499865 
0.366235 0.016887 
-0.121813 -0.354782 
-0.370781 0.494113 
0.423614 0.000371 
-0.094943 -0.328046 
-0.337416 0.515474 
0.206699 -0.007982 
-0.352051 -0.405238 
-0.631125 0.387576 
0.234466 0.011311 
-0.324741 -0.385035 
-0.500303 0.487671 
0.328671 -0.012278 
-0.209026 -0.408569 
-0.470590 0.503926 
0.414212 -0.008967 
-0.181962 -0.379654 
-0.388008 0.496684 
0.442971 0.013302 
-0.117172 -0.385907 
-0.361565 0.515194 
0.249886 0.015701 
-0.331304 -0.417509 
-0.630076 0.399012 
0.332329 -0.026792 
-0.305365 -0.405118 
-0.605533 0.426179 
0.364208 -0.006703 
-0.195431 -0.434371 
-0.474580 0.509557 
0.416655 -0.028483 
-0.105765 -0.416699 
-0.390961 0.487888 
0.449629 -0.001027 
-0.074354 -0.382430 
-0.356492 0.510904 
0.238042 -0.027104 
-0.327669 -0.416377 
-0.607878 0.428361 
0.263477 -0.008449 
-0.301442 -0.388423 
-0.583749 0.448299 
0.374949 -0.010521 
-0.192358 -0.436630 
-0.490036 0.491160 
0.425065 -0.045187 
-0.161473 -0.419648 
-0.462955 0.510625 
0.456514 -0.016082 
-0.102311 -0.417273 
-0.382929 0.484927 
0.238042 -0.027104 
-0.327669 -0.416377 
-0.607878 0.428361 
0.272550 0.002628 
-0.299684 -0.396468 
-0.580988 0.446678 
0.345361 -0.047658 
-0.192358 -0.436630 
-0.461038 0.507050 
0.425065 -0.045187 
-0.102311 -0.417273 
-0.382929 0.484927 
0.458432 -0.020728 
-0.072298 -0.393752 
-0.354351 0.512768 
0.244807 -0.048748 
-0.333937 -0.413519 
-0.602077 0.414221 
0.271417 -0.027360 
-0.307206 -0.390279 
-0.571053 0.442891 
0.355614 -0.057721 
-0.190259 -0.427739 
-0.474305 0.492415 
0.384609 -0.037327 
-0.166680 -0.402398 
-0.367385 0.482419 
0.432143 -0.053261 
-0.100101 -0.409344 
-0.337073 0.508508 
0.235699 -0.073991 
-0.326377 -0.434081 
-0.614755 0.345941 
0.263943 -0.052692 
-0.295100 -0.412063 
-0.582555 0.371186 
0.355633 -0.082257 
-0.177245 -0.454346 
-0.483295 0.433983 
0.381597 -0.058013 
-0.154459 -0.426904 
-0.455389 0.452515 
0.456254 -0.058603 
-0.058459 -0.428424 
-0.347646 0.446249 
0.243446 -0.098671 
-0.290914 -0.416557 
-0.614962 0.271364 
0.275343 -0.072151 
-0.164742 -0.468478 
-0.590198 0.295016 
0.363030 -0.104463 
-0.138378 -0.441688 
-0.455265 0.385719 
0.388319 -0.079251 
-0.068938 -0.471416 
-0.387850 0.351020 
0.469402 -0.081354 
-0.039151 -0.451534 
-0.360129 0.370793 
0.237172 -0.117681 
-0.322549 -0.413899 
-0.613078 0.240150 
0.264318 -0.088974 
-0.296426 -0.392410 
-0.584242 0.265878 
0.360716 -0.125663 
-0.161700 -0.457487 
-0.484851 0.321939 
0.392209 -0.104390 
-0.132777 -0.432937 
-0.388585 0.334473 
0.442303 -0.122978 
-0.055440 -0.469777 
-0.356655 0.367704 
0.239889 -0.134472 
-0.326949 -0.435977 
-0.594671 0.215598 
0.264201 -0.116144 
-0.296956 -0.414983 
-0.491929 0.287827 
0.397220 -0.118523 
-0.163734 -0.479875 
-0.463979 0.310280 
0.458568 -0.139340 
-0.139937 -0.464156 
-0.389863 0.306858 
0.483918 -0.118355 
-0.025192 -0.467531 
-0.364348 0.319738 
0.271711 -0.128140 
-0.293773 -0.417348 
-0.622177 0.143222 
0.379273 -0.165213 
-0.156088 -0.488781 
-0.592700 0.167785 
0.409478 -0.141905 
-0.131548 -0.459358 
-0.460487 0.253083 
0.474651 -0.150148 
-0.035929 -0.500007 
-0.388262 0.255250 
0.503216 -0.129080 
-0.005709 -0.475743 
-0.359018 0.283892 
0.253994 -0.180659 
-0.309742 -0.444643 
-0.627727 0.088665 
0.281229 -0.155971 
-0.285606 -0.423103 
-0.600122 0.109976 
0.390868 -0.193580 
-0.114459 -0.470520 
-0.465504 0.200105 
0.481632 -0.183704 
-0.030146 -0.524409 
-0.387514 0.198481 
0.511834 -0.164864 
-0.003198 -0.491025 
-0.363211 0.217910 
0.249046 -0.195531 
-0.298406 -0.418824 
-0.611519 0.040532 
0.391442 -0.220237 
-0.160611 -0.503845 
-0.584971 0.062658 
0.420579 -0.197491 
-0.125888 -0.471371 
-0.479532 0.113735 
0.486006 -0.219863 
-0.038150 -0.536109 
-0.450673 0.135196 
0.515813 -0.194385 
-0.008569 -0.512283 
-0.339778 0.171349 
0.243309 -0.196218 
-0.328141 -0.435893 
-0.590548 0.001729 
0.279151 -0.169186 
-0.158157 -0.498916 
-0.489672 0.050306 
0.391548 -0.218833 
-0.130862 -0.472589 
-0.462559 0.071555 
0.419362 -0.192882 
-0.034794 -0.529538 
-0.381581 0.080780 
0.513618 -0.201686 
-0.006249 -0.506974 
-0.359785 0.103571 
0.393783 -0.176328 
-0.417831 -0.385422 
-0.592137 0.107991 
0.513989 -0.205554 
-0.390274 -0.358276 
-0.568176 0.130736 
0.543731 -0.188212 
-0.255883 -0.376868 
-0.449506 0.280629 
0.591102 -0.217889 
-0.224843 -0.354783 
-0.425825 0.300853 
0.613579 -0.197463 
-0.141042 -0.329230 
-0.322509 0.396287 
0.422282 -0.142276 
-0.424608 -0.424312 
-0.552107 0.176561 
0.524967 -0.198114 
-0.394914 -0.405259 
-0.440635 0.319156 
0.551103 -0.167444 
-0.271269 -0.418925 
-0.415531 0.344549 
0.609280 -0.225680 
-0.243163 -0.402280 
-0.311479 0.423422 
0.635824 -0.200457 
-0.133806 -0.342344 
-0.283916 0.437203 
0.403330 -0.162989 
-0.417861 -0.463559 
-0.566631 0.221580 
0.524575 -0.194085 
-0.394027 -0.436616 
-0.544897 0.242240 
0.553788 -0.170877 
-0.271341 -0.456603 
-0.393130 0.409169 
0.603061 -0.213874 
-0.167617 -0.410215 
-0.296771 0.473897 
0.630720 -0.191371 
-0.141935 -0.382899 
-0.268572 0.490331 
0.416975 -0.162996 
-0.417129 -0.468593 
-0.539940 0.307179 
0.443635 -0.147222 
-0.269573 -0.458291 
-0.420035 0.431909 
0.535628 -0.188257 
-0.242770 -0.441261 
-0.402053 0.452611 
0.611724 -0.205146 
-0.167358 -0.403523 
-0.293542 0.509263 
0.634644 -0.185952 
-0.142942 -0.380812 
-0.270118 0.530831 
0.420956 -0.157664 
-0.395632 -0.469424 
-0.561112 0.299812 
0.536060 -0.174927 
-0.365845 -0.446506 
-0.415999 0.442101 
0.564079 -0.155849 
-0.251525 -0.456989 
-0.389508 0.470708 
0.607034 -0.194856 
-0.222360 -0.437275 
-0.293616 0.509503 
0.634757 -0.169142 
-0.156005 -0.408442 
-0.265016 0.534644 
0.451606 -0.120661 
-0.404076 -0.477071 
-0.544307 0.359375 
0.534701 -0.167569 
-0.375461 -0.436603 
-0.510813 0.382545 
0.564476 -0.142058 
-0.266790 -0.466543 
-0.373796 0.524943 
0.602448 -0.187409 
-0.177651 -0.417447 
-0.281327 0.547613 
0.630599 -0.165073 
-0.145805 -0.388918 
-0.253528 0.568295 
0.436399 -0.142854 
-0.361526 -0.463867 
-0.539816 0.395009 
0.466367 -0.115766 
-0.250179 -0.476065 
-0.514739 0.418528 
0.572591 -0.121449 
-0.220868 -0.451350 
-0.365281 0.547880 
0.605890 -0.169832 
-0.166983 -0.430457 
-0.265540 0.563979 
0.631729 -0.148822 
-0.140393 -0.409210 
-0.239849 0.583323 
0.433998 -0.134522 
-0.374830 -0.498051 
-0.533556 0.431155 
0.462565 -0.111193 
-0.241502 -0.492389 
-0.508750 0.453704 
0.561589 -0.114767 
-0.211338 -0.472878 
-0.361100 0.572643 
0.591889 -0.154967 
-0.160287 -0.457422 
-0.268253 0.572927 
0.618940 -0.130726 
-0.128850 -0.435500 
-0.240932 0.598210 
0.446705 -0.148744 
-0.362953 -0.506844 
-0.536971 0.475865 
0.470338 -0.121103 
-0.338209 -0.480691 
-0.396207 0.580715 
0.565861 -0.136629 
-0.234233 -0.508642 
-0.363635 0.611858 
0.603929 -0.164039 
-0.207158 -0.489288 
-0.274416 0.584972 
0.627079 -0.147631 
-0.153173 -0.472496 
-0.244519 0.603680 
0.462452 -0.151839 
-0.348399 -0.516993 
-0.513475 0.540338 
0.490160 -0.127680 
-0.320004 -0.489000 
-0.400481 0.597659 
0.550881 -0.161273 
-0.223180 -0.521616 
-0.373939 0.619159 
0.577966 -0.142588 
-0.195084 -0.501394 
-0.274003 0.594954 
0.614235 -0.168705 
-0.144415 -0.481107 
-0.247467 0.609340 
0.462452 -0.151839 
-0.319971 -0.498452 
-0.538101 0.515117 
0.492152 -0.124729 
-0.223180 -0.521616 
-0.511377 0.533750 
0.550881 -0.161273 
-0.199859 -0.500371 
-0.400481 0.597659 
0.614235 -0.168705 
-0.144415 -0.481107 
-0.370168 0.619267 
0.642214 -0.145813 
-0.117071 -0.454046 
-0.250129 0.617820 
0.466584 -0.174827 
-0.337018 -0.522989 
-0.529172 0.516530 
0.560468 -0.172870 
-0.308753 -0.499384 
-0.404027 0.604303 
0.586998 -0.153008 
-0.210336 -0.520307 
-0.380002 0.625612 
0.624873 -0.173352 
-0.181185 -0.499885 
-0.268203 0.600808 
0.652973 -0.156725 
-0.113171 -0.457664 
-0.230456 0.632611 
0.452327 -0.208760 
-0.337195 -0.527168 
-0.538979 0.496899 
0.483184 -0.185694 
-0.309011 -0.496996 
-0.416216 0.578878 
0.556050 -0.204086 
-0.173701 -0.509034 
-0.387128 0.602707 
0.584369 -0.186772 
-0.124989 -0.502664 
-0.288207 0.578598 
0.660014 -0.187248 
-0.095418 -0.477081 
-0.259262 0.598526 
0.439110 -0.217635 
-0.320682 -0.528256 
-0.580571 0.421230 
0.466448 -0.191231 
-0.287974 -0.503946 
-0.553324 0.445982 
0.538695 -0.204196 
-0.186072 -0.542119 
-0.433564 0.527746 
0.600821 -0.194583 
-0.105319 -0.520682 
-0.402738 0.547736 
0.629067 -0.170118 
-0.071790 -0.500853 
-0.277448 0.551279 
0.460282 -0.215020 
-0.324322 -0.514507 
-0.584008 0.383952 
0.537745 -0.226740 
-0.299903 -0.494081 
-0.557416 0.402123 
0.564455 -0.206570 
-0.178662 -0.535831 
-0.431735 0.489408 
0.601443 -0.211539 
-0.091893 -0.519913 
-0.398986 0.507728 
0.630282 -0.186899 
-0.058057 -0.504222 
-0.304789 0.504698 
0.427775 -0.253330 
-0.281336 -0.498739 
-0.587082 0.341245 
0.456344 -0.225203 
-0.166789 -0.548351 
-0.556101 0.356700 
0.536961 -0.241300 
-0.139335 -0.526087 
-0.433237 0.447135 
0.568579 -0.221353 
-0.073800 -0.533565 
-0.302671 0.475419 
0.639663 -0.184625 
-0.045487 -0.515160 
-0.276939 0.496700 
0.420203 -0.273592 
-0.306413 -0.526533 
-0.586297 0.300315 
0.446812 -0.253307 
-0.281112 -0.502786 
-0.555792 0.327283 
0.528456 -0.264238 
-0.158522 -0.552964 
-0.406108 0.423588 
0.556622 -0.241209 
-0.130358 -0.529424 
-0.295610 0.440557 
0.634336 -0.200871 
-0.030967 -0.513814 
-0.265731 0.470361 
0.416000 -0.288136 
-0.274706 -0.512669 
-0.589053 0.259249 
0.444454 -0.267475 
-0.154552 -0.572330 
-0.561547 0.281559 
0.521507 -0.283458 
-0.129380 -0.545445 
-0.409654 0.390904 
0.555008 -0.264665 
-0.053077 -0.570363 
-0.298333 0.395586 
0.595236 -0.251963 
-0.026868 -0.549468 
-0.269167 0.424082 
0.406199 -0.308465 
-0.298808 -0.513104 
-0.573540 0.228125 
0.515794 -0.303633 
-0.142929 -0.556257 
-0.445742 0.298084 
0.546123 -0.282761 
-0.118187 -0.535189 
-0.415537 0.315691 
0.590814 -0.268043 
-0.034454 -0.562417 
-0.310084 0.329746 
0.618443 -0.244160 
-0.003744 -0.539186 
-0.283958 0.351177 
0.406452 -0.326151 
-0.283148 -0.507974 
-0.615844 0.162906 
0.434201 -0.304256 
-0.256734 -0.483191 
-0.589267 0.188091 
0.511011 -0.322358 
-0.124106 -0.554414 
-0.435411 0.272460 
0.581586 -0.285392 
-0.097294 -0.532233 
-0.325970 0.278524 
0.606790 -0.258445 
0.019083 -0.543481 
-0.294476 0.298153 
0.209263 0.051688 
-0.443880 -0.278437 
-0.524912 0.307021 
0.236699 0.071911 
-0.417431 -0.258433 
-0.495629 0.328675 
0.375576 0.023849 
-0.299739 -0.253415 
-0.359132 0.428240 
0.494928 0.011992 
-0.266613 -0.228102 
-0.248295 0.454375 
0.519187 0.032342 
-0.149545 -0.172111 
-0.215565 0.481629 
0.224059 0.041760 
-0.461492 -0.301154 
-0.502601 0.343173 
0.252706 0.072371 
-0.432162 -0.280192 
-0.474167 0.369819 
0.384833 0.013939 
-0.322900 -0.280217 
-0.366786 0.433378 
0.500847 -0.000667 
-0.296583 -0.250454 
-0.338891 0.455553 
0.524996 0.016813 
-0.186295 -0.197595 
-0.235326 0.469226 
0.266470 0.052421 
-0.457688 -0.328595 
-0.484718 0.402971 
0.390759 -0.000324 
-0.429885 -0.306629 
-0.459816 0.423954 
0.410957 0.025155 
-0.321605 -0.301218 
-0.322469 0.505924 
0.497151 -0.006126 
-0.293604 -0.279948 
-0.222641 0.506684 
0.525117 0.020233 
-0.178709 -0.216986 
-0.199379 0.531672 
0.229141 0.012170 
-0.462287 -0.334597 
-0.483178 0.451902 
0.254588 0.043346 
-0.435875 -0.307537 
-0.355284 0.520931 
0.378157 -0.004602 
-0.321318 -0.303139 
-0.328071 0.548910 
0.403623 0.014962 
-0.289910 -0.279112 
-0.230009 0.532158 
0.514753 0.027967 
-0.213582 -0.225656 
-0.196296 0.556039 
0.244782 0.010542 
-0.436957 -0.348090 
-0.476953 0.471851 
0.387124 -0.003674 
-0.405897 -0.324682 
-0.444214 0.500991 
0.416572 0.017205 
-0.304033 -0.317738 
-0.316433 0.547067 
0.482477 0.000625 
-0.279857 -0.292854 
-0.225637 0.528251 
0.510524 0.028350 
-0.178726 -0.231323 
-0.199903 0.556785 
0.278707 0.018471 
-0.454888 -0.364430 
-0.463299 0.513272 
0.385869 -0.012935 
-0.427934 -0.337422 
-0.337837 0.561104 
0.414408 0.014024 
-0.301443 -0.310105 
-0.312686 0.581061 
0.482264 -0.011657 
-0.237898 -0.267809 
-0.223381 0.548063 
0.508240 0.009400 
-0.206520 -0.242963 
-0.196261 0.579013 
0.262663 -0.006868 
-0.400098 -0.355273 
-0.452954 0.531024 
0.291308 0.019555 
-0.302112 -0.350199 
-0.324353 0.577320 
0.397674 -0.016402 
-0.277856 -0.326976 
-0.295746 0.603366 
0.426938 0.009468 
-0.216643 -0.291850 
-0.214536 0.552008 
0.515748 0.002967 
-0.191457 -0.269263 
-0.188124 0.580726 
0.261389 -0.014660 
-0.422908 -0.389518 
-0.442660 0.552512 
0.287362 0.019744 
-0.398676 -0.366274 
-0.412869 0.571912 
0.388762 -0.026657 
-0.298392 -0.369850 
-0.289939 0.610230 
0.478362 -0.036441 
-0.220626 -0.322964 
-0.215474 0.548015 
0.505369 -0.013239 
-0.189736 -0.299468 
-0.187134 0.563201 
0.297718 -0.024336 
-0.408418 -0.398523 
-0.449995 0.575201 
0.389463 -0.050246 
-0.380865 -0.376227 
-0.423890 0.605340 
0.413707 -0.030081 
-0.262820 -0.369178 
-0.330887 0.601203 
0.471344 -0.055614 
-0.212068 -0.353749 
-0.297973 0.626878 
0.498360 -0.038493 
-0.178280 -0.325957 
-0.194706 0.575514 
0.280579 -0.056697 
-0.401448 -0.411639 
-0.447426 0.608372 
0.308475 -0.026041 
-0.284034 -0.408189 
-0.421599 0.633031 
0.430904 -0.046790 
-0.257784 -0.382566 
-0.333091 0.614796 
0.475388 -0.081085 
-0.205273 -0.363091 
-0.303835 0.637637 
0.504440 -0.053923 
-0.173664 -0.342345 
-0.190777 0.580404 
0.280579 -0.056697 
-0.401448 -0.411639 
-0.447426 0.608372 
0.310152 -0.039669 
-0.376405 -0.392033 
-0.421355 0.639503 
0.426957 -0.057985 
-0.258191 -0.388552 
-0.301708 0.639165 
0.475388 -0.081085 
-0.205273 -0.363091 
-0.217634 0.558399 
0.500950 -0.065964 
-0.172983 -0.339916 
-0.192581 0.584982 
0.287889 -0.076658 
-0.402579 -0.419746 
-0.428956 0.609446 
0.314800 -0.052655 
-0.378404 -0.401029 
-0.330153 0.618808 
0.429577 -0.063602 
-0.278759 -0.408840 
-0.303042 0.641688 
0.476740 -0.091149 
-0.252208 -0.387549 
-0.208879 0.561776 
0.502892 -0.074111 
-0.198570 -0.362053 
-0.181478 0.583737 
0.267953 -0.121824 
-0.370717 -0.405862 
-0.486283 0.545107 
0.295020 -0.094654 
-0.265659 -0.430760 
-0.454833 0.563877 
0.422595 -0.101386 
-0.238384 -0.407811 
-0.313238 0.605981 
0.472319 -0.137614 
-0.180068 -0.392453 
-0.226023 0.528140 
0.502603 -0.112129 
-0.152536 -0.371003 
-0.197837 0.550813 
0.273306 -0.132840 
-0.382268 -0.439212 
-0.499292 0.485791 
0.303795 -0.116834 
-0.245136 -0.444448 
-0.469890 0.507582 
0.402984 -0.143783 
-0.217409 -0.421526 
-0.361213 0.522687 
0.431027 -0.120253 
-0.159644 -0.423312 
-0.331649 0.538666 
0.505451 -0.131029 
-0.129801 -0.401246 
-0.206951 0.498066 
0.299366 -0.132051 
-0.393029 -0.427847 
-0.476753 0.475199 
0.408536 -0.174995 
-0.367174 -0.401760 
-0.362697 0.493623 
0.434343 -0.149417 
-0.247781 -0.441027 
-0.336117 0.514168 
0.488531 -0.188097 
-0.218310 -0.421099 
-0.235896 0.458675 
0.516092 -0.164526 
-0.156001 -0.419656 
-0.209018 0.478550 
0.265481 -0.161091 
-0.361168 -0.420484 
-0.521851 0.402582 
0.296419 -0.140808 
-0.241155 -0.458716 
-0.491947 0.428858 
0.410652 -0.190580 
-0.214267 -0.431690 
-0.372659 0.449651 
0.439343 -0.167277 
-0.139651 -0.440947 
-0.348402 0.470990 
0.523616 -0.191576 
-0.111551 -0.418838 
-0.206447 0.453091 
0.271077 -0.189964 
-0.376178 -0.435728 
-0.524053 0.357061 
0.299482 -0.168260 
-0.349850 -0.406357 
-0.374155 0.405234 
0.443533 -0.197944 
-0.224274 -0.456776 
-0.339960 0.430225 
0.504814 -0.224221 
-0.201649 -0.433501 
-0.235467 0.391373 
0.535386 -0.210355 
-0.120371 -0.443345 
-0.211641 0.410276 
0.273881 -0.210948 
-0.359812 -0.439296 
-0.526696 0.312412 
0.425021 -0.253273 
-0.207283 -0.468499 
-0.496088 0.332837 
0.459553 -0.225566 
-0.176040 -0.449165 
-0.372402 0.356386 
0.514566 -0.264682 
-0.100304 -0.465840 
-0.231528 0.341317 
0.540512 -0.237503 
-0.070594 -0.442647 
-0.204450 0.369624 
0.277864 -0.227278 
-0.359574 -0.434386 
-0.531091 0.245295 
0.309560 -0.200955 
-0.327365 -0.416305 
-0.501622 0.260359 
0.432968 -0.279517 
-0.201063 -0.475393 
-0.377015 0.285447 
0.462018 -0.255780 
-0.171349 -0.448006 
-0.236286 0.269584 
0.525612 -0.297875 
-0.084034 -0.482299 
-0.203716 0.291462 
0.272671 -0.218289 
-0.319356 -0.407860 
-0.567191 0.209118 
0.301782 -0.191758 
-0.185821 -0.471582 
-0.540868 0.232191 
0.429834 -0.267831 
-0.156218 -0.446049 
-0.412377 0.242475 
0.456388 -0.242076 
-0.065584 -0.482117 
-0.387942 0.265638 
0.550562 -0.251890 
-0.036066 -0.459841 
-0.241893 0.242184 
0.766969 0.168832 
-0.443171 -0.406942 
-0.612258 0.343497 
0.794845 0.189337 
-0.416427 -0.384584 
-0.443955 0.360714 
0.897981 0.117548 
-0.283301 -0.398364 
-0.418707 0.386498 
0.925965 0.141194 
-0.255106 -0.373562 
-0.290231 0.342261 
0.976526 0.076898 
-0.142720 -0.341287 
-0.265800 0.378437 
0.748209 0.190522 
-0.442222 -0.426583 
-0.617442 0.385690 
0.778077 0.208627 
-0.413211 -0.398081 
-0.589027 0.402778 
0.908340 0.157643 
-0.284900 -0.422509 
-0.449799 0.387553 
0.960959 0.079054 
-0.257908 -0.397511 
-0.420972 0.415426 
0.990686 0.100889 
-0.175142 -0.391329 
-0.300656 0.359580 
0.769715 0.218324 
-0.400220 -0.440050 
-0.593277 0.427581 
0.795337 0.250578 
-0.276511 -0.455606 
-0.461345 0.414869 
0.930272 0.189639 
-0.251258 -0.434232 
-0.435427 0.440700 
0.978186 0.106618 
-0.173072 -0.424856 
-0.321556 0.388778 
1.002406 0.128775 
-0.145028 -0.406469 
-0.292233 0.409171 
0.801018 0.269816 
-0.425146 -0.469550 
-0.619795 0.466495 
0.900501 0.203803 
-0.401657 -0.444991 
-0.589900 0.485661 
0.934103 0.233127 
-0.275983 -0.459407 
-0.439928 0.482719 
0.973340 0.146058 
-0.251978 -0.437447 
-0.331248 0.429600 
1.005230 0.173817 
-0.141864 -0.402067 
-0.305453 0.458287 
0.761561 0.275947 
-0.411326 -0.473651 
-0.609770 0.482531 
0.792652 0.301307 
-0.265424 -0.468263 
-0.586442 0.506669 
0.900069 0.227623 
-0.237381 -0.446050 
-0.465650 0.483242 
0.927750 0.247076 
-0.164723 -0.432701 
-0.438297 0.504665 
1.003384 0.179581 
-0.139101 -0.412992 
-0.336134 0.443666 
0.788540 0.290198 
-0.429406 -0.469924 
-0.591160 0.524755 
0.897720 0.209883 
-0.401233 -0.441217 
-0.475523 0.503395 
0.927038 0.234378 
-0.288034 -0.460230 
-0.445789 0.526117 
0.970946 0.136076 
-0.192974 -0.421959 
-0.348682 0.453454 
0.999067 0.152210 
-0.164663 -0.401215 
-0.324212 0.480960 
0.760602 0.274086 
-0.381211 -0.447860 
-0.605518 0.522814 
0.792376 0.303614 
-0.267278 -0.469925 
-0.582337 0.543534 
0.893936 0.223444 
-0.241575 -0.447811 
-0.465239 0.517193 
0.922083 0.236556 
-0.175300 -0.433883 
-0.436445 0.538980 
0.989185 0.168641 
-0.149849 -0.413075 
-0.321580 0.487353 
0.789713 0.331131 
-0.398530 -0.496458 
-0.605188 0.545348 
0.890552 0.255431 
-0.371239 -0.476852 
-0.573750 0.562849 
0.920193 0.280500 
-0.263601 -0.490165 
-0.475662 0.529361 
0.959025 0.180521 
-0.174803 -0.460723 
-0.449314 0.545534 
0.989092 0.196776 
-0.146903 -0.432735 
-0.337263 0.477804 
0.772185 0.352127 
-0.386355 -0.514217 
-0.618859 0.500406 
0.863799 0.282283 
-0.256993 -0.515989 
-0.590171 0.523239 
0.893701 0.311592 
-0.229109 -0.490045 
-0.502654 0.480950 
0.928360 0.197593 
-0.168431 -0.487288 
-0.471521 0.503216 
0.952663 0.217082 
-0.145650 -0.455310 
-0.364765 0.431074 
0.729796 0.341573 
-0.372494 -0.525533 
-0.611910 0.512551 
0.761529 0.366690 
-0.339659 -0.501134 
-0.579896 0.540110 
0.849291 0.287844 
-0.246097 -0.527976 
-0.470994 0.499342 
0.875766 0.307953 
-0.221366 -0.505567 
-0.390165 0.410919 
0.937989 0.213020 
-0.133090 -0.470839 
-0.364461 0.433113 
0.729796 0.341573 
-0.372494 -0.525533 
-0.611910 0.512551 
0.757202 0.367231 
-0.341473 -0.492541 
-0.581180 0.537291 
0.849291 0.287844 
-0.246097 -0.527976 
-0.500140 0.481970 
0.876593 0.308852 
-0.160373 -0.494980 
-0.470469 0.509744 
0.940933 0.223611 
-0.135493 -0.473625 
-0.358571 0.437005 
0.704944 0.327657 
-0.359903 -0.532890 
-0.602974 0.480912 
0.725110 0.352263 
-0.333080 -0.504174 
-0.579098 0.500355 
0.831990 0.284285 
-0.232869 -0.527357 
-0.482636 0.479588 
0.859331 0.304593 
-0.206464 -0.499210 
-0.459092 0.496994 
0.896758 0.196399 
-0.121213 -0.471801 
-0.375488 0.415146 
0.655485 0.315734 
-0.359469 -0.550575 
-0.638078 0.375739 
0.787213 0.273815 
-0.329388 -0.523043 
-0.609672 0.397833 
0.809754 0.302137 
-0.228416 -0.555759 
-0.513181 0.378622 
0.848792 0.187684 
-0.200070 -0.532856 
-0.487567 0.401779 
0.873736 0.216762 
-0.117802 -0.513874 
-0.406771 0.320182 
0.634337 0.319347 
-0.351182 -0.551303 
-0.636851 0.336486 
0.663428 0.341085 
-0.322738 -0.530372 
-0.609842 0.359863 
0.775375 0.281474 
-0.219357 -0.559829 
-0.479603 0.356865 
0.806188 0.306974 
-0.192270 -0.537290 
-0.412679 0.276731 
0.871486 0.211827 
-0.105812 -0.511851 
-0.383738 0.296557 
0.609639 0.296784 
-0.323825 -0.520265 
-0.643977 0.318802 
0.639748 0.320624 
-0.205332 -0.562640 
-0.617313 0.342727 
0.751079 0.256588 
-0.179352 -0.542219 
-0.518601 0.325056 
0.777626 0.281141 
-0.114097 -0.549618 
-0.418633 0.290276 
0.824954 0.174861 
-0.083328 -0.523073 
-0.392919 0.311934 
0.581267 0.257867 
-0.305482 -0.546435 
-0.653694 0.257726 
0.608820 0.280207 
-0.192838 -0.585791 
-0.626074 0.277463 
0.731447 0.216725 
-0.166299 -0.562684 
-0.518480 0.270037 
0.809808 0.148005 
-0.099850 -0.573508 
-0.408295 0.252483 
0.834291 0.175550 
-0.071436 -0.552266 
-0.379487 0.272724 
0.557158 0.226240 
-0.328125 -0.561800 
-0.666486 0.192285 
0.582874 0.247674 
-0.301575 -0.533824 
-0.634180 0.219941 
0.705852 0.176779 
-0.186226 -0.589878 
-0.505633 0.235392 
0.788170 0.109846 
-0.152103 -0.565882 
-0.418855 0.203071 
0.820481 0.142486 
-0.061975 -0.563228 
-0.388882 0.222411 
0.525272 0.215932 
-0.323806 -0.580355 
-0.663627 0.135422 
0.682652 0.168292 
-0.182350 -0.615934 
-0.528244 0.151231 
0.709531 0.189892 
-0.151233 -0.595828 
-0.501595 0.175655 
0.768936 0.097994 
-0.084801 -0.617839 
-0.414988 0.146850 
0.798925 0.120909 
-0.056393 -0.588635 
-0.386305 0.180808 
0.493802 0.196581 
-0.293692 -0.532864 
-0.662393 0.071840 
0.523640 0.218865 
-0.177427 -0.600761 
-0.635883 0.099867 
0.683482 0.160237 
-0.147262 -0.582292 
-0.528480 0.090120 
0.749270 0.066679 
-0.073958 -0.613206 
-0.497734 0.112448 
0.777257 0.087428 
-0.045267 -0.583655 
-0.413858 0.090675 
0.468847 0.145480 
-0.310792 -0.553103 
-0.686512 0.004853 
0.492217 0.168509 
-0.287227 -0.526096 
-0.553972 0.028739 
0.626941 0.092264 
-0.131084 -0.575972 
-0.529286 0.050653 
0.721800 0.038077 
-0.056385 -0.608269 
-0.437370 0.033600 
0.748392 0.061739 
-0.032764 -0.583545 
-0.411588 0.054983 
0.657083 0.270130 
-0.302576 -0.435942 
-0.601016 0.275099 
0.683682 0.291213 
-0.271141 -0.418745 
-0.570641 0.302405 
0.805912 0.179077 
-0.164991 -0.414961 
-0.409746 0.286469 
0.828446 0.206335 
-0.139870 -0.390291 
-0.285170 0.253692 
0.940874 0.121331 
-0.042288 -0.360280 
-0.253758 0.276655 
0.663457 0.313073 
-0.309613 -0.435501 
-0.586868 0.306705 
0.793967 0.200429 
-0.164131 -0.421915 
-0.562003 0.325907 
0.820920 0.228978 
-0.135452 -0.398044 
-0.395803 0.314699 
0.906794 0.105218 
-0.065148 -0.402855 
-0.273208 0.262471 
0.932836 0.126720 
-0.041303 -0.387554 
-0.248062 0.286073 
0.632707 0.311992 
-0.299102 -0.462832 
-0.592823 0.306777 
0.657130 0.328835 
-0.271134 -0.441756 
-0.558769 0.328702 
0.791376 0.220035 
-0.152233 -0.447701 
-0.434506 0.296089 
0.903748 0.125635 
-0.052694 -0.428776 
-0.403844 0.322549 
0.928736 0.150217 
-0.026146 -0.409794 
-0.282926 0.276996 
0.640642 0.313432 
-0.296408 -0.485153 
-0.596373 0.345890 
0.669251 0.335528 
-0.262563 -0.456672 
-0.565709 0.369834 
0.796801 0.224407 
-0.152040 -0.472176 
-0.446983 0.336767 
0.829018 0.248143 
-0.125627 -0.447941 
-0.420511 0.362099 
0.933667 0.158225 
-0.051458 -0.457740 
-0.270983 0.332738 
0.629870 0.345086 
-0.287824 -0.492247 
-0.586674 0.361145 
0.794502 0.259723 
-0.259880 -0.469032 
-0.557621 0.389124 
0.817317 0.283664 
-0.148668 -0.482522 
-0.451198 0.348685 
0.910401 0.164770 
-0.122244 -0.468716 
-0.316679 0.318211 
0.941994 0.187607 
-0.055428 -0.474794 
-0.292731 0.341482 
0.626387 0.357337 
-0.302253 -0.497230 
-0.612169 0.372056 
0.654968 0.378676 
-0.276329 -0.468118 
-0.585194 0.389932 
0.795083 0.270199 
-0.163466 -0.485009 
-0.473946 0.358783 
0.910816 0.169676 
-0.068394 -0.473278 
-0.337823 0.326461 
0.943560 0.186175 
-0.038062 -0.454173 
-0.311870 0.347561 
0.619394 0.368832 
-0.292225 -0.509767 
-0.610060 0.376512 
0.649393 0.382082 
-0.152650 -0.494031 
-0.584917 0.395606 
0.815176 0.319831 
-0.124445 -0.466093 
-0.470206 0.366285 
0.899531 0.196894 
-0.060009 -0.474876 
-0.443516 0.393828 
0.930401 0.222555 
-0.034127 -0.460460 
-0.342559 0.330711 
0.597564 0.380266 
-0.282679 -0.538437 
-0.593619 0.403614 
0.624188 0.402410 
-0.256605 -0.512536 
-0.569438 0.427677 
0.764366 0.306263 
-0.144529 -0.528596 
-0.464555 0.391077 
0.794684 0.328577 
-0.119502 -0.503567 
-0.440190 0.421968 
0.904921 0.245495 
-0.050907 -0.522311 
-0.317120 0.360423 
0.599366 0.382082 
-0.264114 -0.567335 
-0.609478 0.338029 
0.625096 0.414033 
-0.235513 -0.544451 
-0.497203 0.321158 
0.789941 0.336338 
-0.110802 -0.540611 
-0.469347 0.344013 
0.885772 0.227975 
-0.042842 -0.562107 
-0.378395 0.278223 
0.911509 0.253625 
-0.015432 -0.540118 
-0.351069 0.294314 
0.579880 0.399227 
-0.256522 -0.572128 
-0.600515 0.344304 
0.606929 0.424751 
-0.226129 -0.553479 
-0.573844 0.364405 
0.746493 0.318173 
-0.128820 -0.571972 
-0.491671 0.316995 
0.772068 0.346261 
-0.098962 -0.548334 
-0.462977 0.335718 
0.876284 0.234909 
-0.035455 -0.566097 
-0.371181 0.275071 
0.579880 0.399227 
-0.256522 -0.572128 
-0.600515 0.344304 
0.607300 0.422174 
-0.227373 -0.548303 
-0.571568 0.363660 
0.746493 0.318173 
-0.128820 -0.571972 
-0.491671 0.316995 
0.772004 0.343788 
-0.035455 -0.566097 
-0.371181 0.275071 
0.903960 0.256770 
-0.009992 -0.540098 
-0.341579 0.293082 
0.551619 0.390240 
-0.254791 -0.575960 
-0.558999 0.339315 
0.729533 0.317002 
-0.222169 -0.553029 
-0.476372 0.309612 
0.754780 0.344756 
-0.123302 -0.569015 
-0.446500 0.335253 
0.867562 0.233136 
-0.092597 -0.539841 
-0.355898 0.271921 
0.897357 0.249757 
0.000841 -0.534168 
-0.327178 0.296505 
0.521120 0.374252 
-0.246997 -0.604317 
-0.636037 0.175854 
0.548938 0.400984 
-0.214909 -0.574527 
-0.611119 0.194858 
0.706093 0.305399 
-0.081700 -0.583819 
-0.488415 0.208082 
0.850218 0.223026 
-0.022412 -0.615470 
-0.397292 0.165508 
0.878353 0.251490 
0.004684 -0.581503 
-0.367286 0.189134 
0.489802 0.365213 
-0.235729 -0.620724 
-0.597751 0.171419 
0.515596 0.380432 
-0.212176 -0.608150 
-0.503052 0.143192 
0.679551 0.306984 
-0.099249 -0.628906 
-0.477851 0.163761 
0.821337 0.244334 
-0.071085 -0.602844 
-0.392990 0.114510 
0.844333 0.262456 
0.017623 -0.604530 
-0.362482 0.130075 
0.495055 0.377665 
-0.236041 -0.625024 
-0.642590 0.114412 
0.659973 0.293575 
-0.208048 -0.605687 
-0.616442 0.133845 
0.688065 0.308593 
-0.095375 -0.648293 
-0.516310 0.117425 
0.805799 0.231114 
-0.062550 -0.628258 
-0.488488 0.149201 
0.830590 0.252382 
-0.001814 -0.656204 
-0.383911 0.129526 
0.443191 0.337922 
-0.204022 -0.630773 
-0.665446 0.053431 
0.475324 0.359738 
-0.093580 -0.678866 
-0.530548 0.066112 
0.638332 0.282411 
-0.065012 -0.662798 
-0.500784 0.085130 
0.665324 0.303652 
-0.000456 -0.690121 
-0.410826 0.071474 
0.817291 0.255535 
0.031190 -0.661972 
-0.385600 0.101973 
0.410388 0.305080 
-0.212619 -0.659682 
-0.642385 -0.007629 
0.439460 0.328674 
-0.072610 -0.691295 
-0.542869 -0.009570 
0.607656 0.244622 
-0.043070 -0.661397 
-0.516595 0.014365 
0.635318 0.271514 
0.023062 -0.701602 
-0.420278 0.002691 
0.795275 0.221709 
0.048045 -0.671231 
-0.391789 0.024844 
0.395141 0.302206 
-0.214222 -0.662837 
-0.689232 -0.091450 
0.422417 0.326837 
-0.185481 -0.637538 
-0.557036 -0.080951 
0.595919 0.242264 
-0.072205 -0.704805 
-0.529335 -0.058573 
0.622259 0.269056 
0.020816 -0.723223 
-0.440288 -0.070813 
0.758415 0.200995 
0.046606 -0.702707 
-0.412286 -0.048279 
0.358482 0.288119 
-0.209589 -0.667609 
-0.693563 -0.148681 
0.382714 0.313473 
-0.181539 -0.634008 
-0.660657 -0.121562 
0.561628 0.231392 
-0.066440 -0.711062 
-0.561986 -0.131315 
0.588433 0.256779 
0.030556 -0.735211 
-0.534248 -0.108616 
0.764543 0.224975 
0.056984 -0.710108 
-0.443633 -0.111529 
0.335413 0.255255 
-0.197841 -0.672788 
-0.706035 -0.215525 
0.362003 0.279638 
-0.168970 -0.650843 
-0.680736 -0.180438 
0.529919 0.203232 
-0.057975 -0.721124 
-0.547065 -0.163183 
0.557701 0.226711 
-0.031750 -0.696360 
-0.455171 -0.163233 
0.723679 0.203702 
0.032969 -0.738410 
-0.425925 -0.130974 
0.442911 -0.026376 
-0.460167 -0.446900 
-0.417948 0.241515 
0.577652 -0.032939 
-0.336188 -0.459460 
-0.386556 0.260869 
0.610502 -0.011146 
-0.305645 -0.436230 
-0.201744 0.388485 
0.685674 -0.038161 
-0.236599 -0.418501 
-0.177860 0.409350 
0.714996 -0.015118 
-0.210015 -0.391907 
0.039886 0.499671 
0.436253 -0.021693 
-0.491478 -0.514892 
-0.422550 0.287814 
0.460001 -0.003125 
-0.459047 -0.491743 
-0.392670 0.306462 
0.574849 -0.028628 
-0.326266 -0.497866 
-0.186534 0.456118 
0.689709 -0.046429 
-0.263934 -0.470158 
0.006806 0.509770 
0.714865 -0.025868 
-0.237367 -0.447956 
0.033876 0.533520 
0.445003 -0.023687 
-0.475080 -0.523668 
-0.401427 0.325983 
0.469816 0.004561 
-0.446922 -0.509542 
-0.374417 0.344655 
0.586377 -0.032198 
-0.316502 -0.497973 
-0.192995 0.466698 
0.612236 -0.006270 
-0.254873 -0.474410 
0.006102 0.527376 
0.721086 -0.029088 
-0.226701 -0.453790 
0.031678 0.546842 
0.453097 -0.016957 
-0.480154 -0.534405 
-0.397892 0.370797 
0.479875 0.002359 
-0.451331 -0.507990 
-0.195945 0.505756 
0.587869 -0.014913 
-0.350457 -0.530589 
-0.167162 0.530676 
0.615150 0.015361 
-0.261206 -0.477004 
-0.000388 0.556974 
0.722501 -0.006949 
-0.232607 -0.455647 
0.027593 0.579776 
0.455583 -0.014868 
-0.457689 -0.556057 
-0.392586 0.370175 
0.591439 -0.009256 
-0.334410 -0.555253 
-0.363960 0.390714 
0.620379 0.006681 
-0.305810 -0.534050 
-0.166179 0.531985 
0.692796 -0.025138 
-0.256014 -0.504946 
-0.012546 0.552174 
0.720128 0.000052 
-0.223541 -0.488633 
0.016828 0.581775 
0.451737 -0.016960 
-0.466068 -0.552070 
-0.377300 0.426560 
0.478001 0.009140 
-0.435499 -0.529480 
-0.351696 0.448838 
0.610816 0.002450 
-0.347512 -0.550303 
-0.190589 0.544420 
0.673703 -0.030797 
-0.317072 -0.531265 
-0.011666 0.571125 
0.702268 -0.010178 
-0.278288 -0.504939 
0.014548 0.598440 
0.464101 -0.012865 
-0.441590 -0.558755 
-0.363060 0.433413 
0.491388 0.009016 
-0.416494 -0.542095 
-0.334916 0.459500 
0.587720 0.000977 
-0.322564 -0.558072 
-0.182523 0.552982 
0.613753 0.022650 
-0.297384 -0.533369 
-0.158013 0.573920 
0.674836 -0.021106 
-0.231749 -0.492334 
-0.013125 0.572972 
0.464851 -0.010198 
-0.434328 -0.564035 
-0.359267 0.457911 
0.493044 0.021490 
-0.318891 -0.562265 
-0.334209 0.485503 
0.587442 0.005507 
-0.290492 -0.525769 
-0.188557 0.570243 
0.677579 -0.019630 
-0.254175 -0.529725 
-0.025404 0.576548 
0.705067 -0.000866 
-0.225239 -0.498427 
-0.000763 0.600235 
0.458158 -0.036233 
-0.420023 -0.581886 
-0.342455 0.451497 
0.486058 -0.014337 
-0.391635 -0.566513 
-0.313205 0.475224 
0.598836 -0.007394 
-0.286950 -0.561295 
-0.183801 0.548085 
0.659010 -0.045170 
-0.244613 -0.552305 
-0.151481 0.570847 
0.691358 -0.021561 
-0.212757 -0.534936 
-0.025120 0.543671 
0.465778 -0.047490 
-0.402295 -0.593305 
-0.291139 0.484221 
0.496570 -0.013843 
-0.372977 -0.574226 
-0.169951 0.543706 
0.568579 -0.035560 
-0.296737 -0.602821 
-0.139238 0.567906 
0.594952 -0.008056 
-0.235501 -0.567016 
-0.020049 0.541894 
0.683171 -0.036006 
-0.209000 -0.544150 
0.005690 0.563440 
0.465778 -0.047490 
-0.377157 -0.566977 
-0.289947 0.485652 
0.494786 -0.026196 
-0.296737 -0.602821 
-0.169951 0.543706 
0.601049 -0.012809 
-0.272536 -0.581427 
-0.141901 0.565723 
0.654083 -0.056579 
-0.235501 -0.567016 
-0.020049 0.541894 
0.680628 -0.031984 
-0.208428 -0.541866 
0.011935 0.561605 
0.464838 -0.077970 
-0.391058 -0.602996 
-0.272572 0.446463 
0.495479 -0.049136 
-0.360932 -0.581353 
-0.149309 0.534039 
0.571950 -0.049973 
-0.284299 -0.606361 
-0.123768 0.560104 
0.596020 -0.025136 
-0.227275 -0.569484 
-0.007559 0.540326 
0.652679 -0.066298 
-0.202230 -0.550019 
0.021317 0.567111 
0.453688 -0.113730 
-0.387521 -0.608908 
-0.300476 0.373559 
0.544122 -0.100625 
-0.362028 -0.588596 
-0.146771 0.482341 
0.569328 -0.079338 
-0.272613 -0.614877 
-0.114506 0.510256 
0.626246 -0.114163 
-0.249341 -0.582714 
-0.012402 0.494060 
0.653071 -0.094774 
-0.214128 -0.583031 
0.013244 0.520819 
0.446169 -0.116339 
-0.368342 -0.613582 
-0.291492 0.318972 
0.539126 -0.097613 
-0.336290 -0.586035 
-0.140875 0.427101 
0.567036 -0.076323 
-0.249006 -0.624054 
-0.114236 0.454099 
0.624421 -0.106180 
-0.222143 -0.600248 
-0.013819 0.439190 
0.656521 -0.081322 
-0.189347 -0.602923 
0.015447 0.462966 
0.404944 -0.157867 
-0.373468 -0.604362 
-0.281559 0.283901 
0.431525 -0.127793 
-0.340268 -0.584029 
-0.250464 0.310808 
0.551766 -0.103711 
-0.247849 -0.618280 
-0.109019 0.424652 
0.612120 -0.124811 
-0.221593 -0.587234 
-0.013549 0.426605 
0.641023 -0.102348 
-0.183726 -0.598300 
0.014641 0.439943 
0.398285 -0.183462 
-0.368727 -0.604359 
-0.288945 0.235552 
0.421644 -0.162680 
-0.236146 -0.617166 
-0.260769 0.259857 
0.523442 -0.147969 
-0.209029 -0.598818 
-0.142123 0.339401 
0.551919 -0.131526 
-0.165276 -0.595874 
-0.114518 0.366439 
0.612594 -0.143464 
-0.132277 -0.572386 
-0.018552 0.389670 
0.414221 -0.191187 
-0.351853 -0.591133 
-0.250302 0.212902 
0.509870 -0.183718 
-0.217750 -0.607565 
-0.219699 0.242830 
0.540752 -0.161452 
-0.190118 -0.586453 
-0.108456 0.318119 
0.597921 -0.174841 
-0.142711 -0.588100 
0.005942 0.372897 
0.625660 -0.144653 
-0.114915 -0.570334 
0.035869 0.398101 
0.376601 -0.228805 
-0.308750 -0.572329 
-0.261518 0.170775 
0.505834 -0.200010 
-0.201235 -0.617402 
-0.119199 0.273322 
0.534894 -0.177815 
-0.174051 -0.596792 
-0.088040 0.290608 
0.598466 -0.189948 
-0.124881 -0.605309 
0.000195 0.333063 
0.621695 -0.171892 
-0.100824 -0.578642 
0.030033 0.359210 
0.368843 -0.239075 
-0.336691 -0.580761 
-0.239584 0.130665 
0.396440 -0.212551 
-0.308223 -0.555691 
-0.100951 0.221479 
0.498751 -0.216827 
-0.197411 -0.609769 
-0.074360 0.246878 
0.532245 -0.190398 
-0.110364 -0.603368 
0.013051 0.279127 
0.590786 -0.208101 
-0.089993 -0.582523 
0.044074 0.302898 
0.363420 -0.257636 
-0.324181 -0.601591 
-0.256005 0.119714 
0.491248 -0.229716 
-0.294238 -0.574217 
-0.227975 0.147005 
0.519120 -0.205735 
-0.178031 -0.634613 
-0.111382 0.206258 
0.583383 -0.215034 
-0.086416 -0.630942 
-0.082144 0.238283 
0.611749 -0.196371 
-0.061141 -0.605696 
0.030733 0.293889 
0.389054 -0.097802 
-0.455134 -0.197415 
-0.516124 0.409782 
0.416836 -0.076360 
-0.344981 -0.148798 
-0.486165 0.440839 
0.538893 -0.146782 
-0.314971 -0.115239 
-0.307045 0.510479 
0.639913 -0.188368 
-0.254955 -0.073398 
-0.276224 0.537338 
0.667493 -0.161430 
-0.226212 -0.042847 
-0.103374 0.542334 
0.420226 -0.072102 
-0.474300 -0.233076 
-0.489482 0.466372 
0.531293 -0.132895 
-0.371723 -0.188840 
-0.312668 0.534910 
0.560213 -0.113526 
-0.342518 -0.165428 
-0.286383 0.561361 
0.630314 -0.173172 
-0.290986 -0.108614 
-0.108666 0.556077 
0.654472 -0.149686 
-0.269355 -0.084332 
-0.085680 0.571885 
0.410398 -0.097623 
-0.473823 -0.242312 
-0.504111 0.472036 
0.438824 -0.070583 
-0.445313 -0.218316 
-0.477918 0.496351 
0.551400 -0.147860 
-0.375529 -0.186748 
-0.302995 0.565905 
0.580741 -0.123643 
-0.347524 -0.169405 
-0.110875 0.581435 
0.640733 -0.196324 
-0.273215 -0.073687 
-0.082625 0.608942 
0.415318 -0.084916 
-0.473693 -0.242132 
-0.488527 0.517850 
0.441273 -0.055494 
-0.443125 -0.225103 
-0.460677 0.539562 
0.555221 -0.135309 
-0.339198 -0.168803 
-0.298475 0.602016 
0.585303 -0.108987 
-0.295385 -0.084703 
-0.273285 0.625869 
0.645368 -0.182205 
-0.267358 -0.062385 
-0.108101 0.605994 
0.460334 -0.062037 
-0.454208 -0.258414 
-0.483378 0.533468 
0.572042 -0.130054 
-0.423759 -0.229910 
-0.453717 0.554228 
0.595959 -0.105678 
-0.355814 -0.203128 
-0.299341 0.616471 
0.653089 -0.178934 
-0.294849 -0.107112 
-0.269344 0.643652 
0.681372 -0.158982 
-0.266705 -0.092510 
-0.093770 0.644796 
0.439603 -0.103793 
-0.466137 -0.283325 
-0.480320 0.563923 
0.462623 -0.087202 
-0.436177 -0.255814 
-0.448107 0.586838 
0.569409 -0.155410 
-0.375152 -0.232070 
-0.269551 0.657440 
0.641854 -0.206546 
-0.348543 -0.202789 
-0.122998 0.633774 
0.666653 -0.188575 
-0.295685 -0.115023 
-0.095418 0.657233 
0.453598 -0.132156 
-0.452188 -0.299360 
-0.464101 0.578139 
0.479112 -0.107042 
-0.359700 -0.243409 
-0.439388 0.599845 
0.577867 -0.179924 
-0.331155 -0.216690 
-0.280279 0.655855 
0.604590 -0.159368 
-0.312261 -0.147677 
-0.255065 0.673514 
0.644173 -0.227442 
-0.281111 -0.114679 
-0.112142 0.636659 
0.488617 -0.122838 
-0.442904 -0.298790 
-0.448769 0.583132 
0.574602 -0.191576 
-0.413046 -0.274482 
-0.278947 0.654846 
0.603616 -0.165139 
-0.357241 -0.247830 
-0.249447 0.672912 
0.638920 -0.242866 
-0.318300 -0.168155 
-0.120104 0.629604 
0.670301 -0.218902 
-0.289636 -0.145560 
-0.089622 0.651097 
0.462541 -0.151115 
-0.434478 -0.308956 
-0.455413 0.571193 
0.486445 -0.129806 
-0.404999 -0.283542 
-0.295509 0.627288 
0.577161 -0.209999 
-0.356136 -0.275823 
-0.264425 0.649213 
0.603401 -0.184544 
-0.315053 -0.204929 
-0.137119 0.598148 
0.669534 -0.240162 
-0.287381 -0.183351 
-0.109470 0.623960 
0.482325 -0.163609 
-0.394309 -0.287039 
-0.403841 0.597894 
0.588441 -0.226493 
-0.344591 -0.291979 
-0.281316 0.628280 
0.618173 -0.206993 
-0.318771 -0.266802 
-0.256711 0.655189 
0.648850 -0.278356 
-0.306045 -0.217942 
-0.123263 0.601230 
0.674708 -0.250707 
-0.278536 -0.197890 
-0.095806 0.623801 
0.482325 -0.163609 
-0.392911 -0.304487 
-0.434442 0.581080 
0.511554 -0.140177 
-0.344591 -0.291979 
-0.281316 0.628280 
0.588441 -0.226493 
-0.320000 -0.272524 
-0.253475 0.650058 
0.648850 -0.278356 
-0.306045 -0.217942 
-0.123263 0.601230 
0.675596 -0.258187 
-0.273215 -0.201119 
-0.097252 0.619965 
0.493779 -0.183623 
-0.427025 -0.331690 
-0.416878 0.546230 
0.515015 -0.153104 
-0.400122 -0.308298 
-0.255538 0.620132 
0.600145 -0.233415 
-0.336677 -0.290280 
-0.228299 0.642666 
0.656510 -0.285155 
-0.297028 -0.216760 
-0.101533 0.600581 
0.684954 -0.260808 
-0.267652 -0.196464 
-0.081929 0.621163 
0.471447 -0.222460 
-0.430005 -0.351705 
-0.440180 0.458803 
0.498591 -0.196353 
-0.396902 -0.335031 
-0.276834 0.536858 
0.590551 -0.265071 
-0.302055 -0.312257 
-0.248885 0.560707 
0.649901 -0.313771 
-0.282767 -0.258418 
-0.121710 0.521078 
0.681906 -0.286566 
-0.255856 -0.240564 
-0.096334 0.548088 
0.467223 -0.250344 
-0.414620 -0.360163 
-0.403080 0.433848 
0.493736 -0.228297 
-0.388062 -0.341440 
-0.263044 0.490983 
0.589103 -0.285167 
-0.307124 -0.345655 
-0.233094 0.526546 
0.615058 -0.256561 
-0.259084 -0.302107 
-0.119414 0.481784 
0.647381 -0.327756 
-0.228269 -0.273127 
-0.094211 0.499534 
0.457028 -0.268668 
-0.430993 -0.349461 
-0.398248 0.396662 
0.488319 -0.244719 
-0.403878 -0.322083 
-0.267617 0.454551 
0.582019 -0.303203 
-0.317143 -0.336706 
-0.238211 0.472052 
0.641608 -0.334186 
-0.264561 -0.290118 
-0.123851 0.468318 
0.669397 -0.311439 
-0.237272 -0.269124 
-0.093890 0.485830 
0.459568 -0.289352 
-0.401394 -0.339072 
-0.436520 0.312908 
0.485248 -0.266752 
-0.308166 -0.353142 
-0.274350 0.399208 
0.614845 -0.288750 
-0.278292 -0.327573 
-0.254010 0.419511 
0.647147 -0.340268 
-0.241978 -0.309792 
-0.124746 0.429534 
0.672848 -0.317809 
-0.215086 -0.282859 
-0.097623 0.448121 
0.449498 -0.318117 
-0.432690 -0.362564 
-0.426026 0.246104 
0.475037 -0.297259 
-0.400750 -0.342300 
-0.396433 0.268616 
0.575305 -0.349442 
-0.282733 -0.344106 
-0.266350 0.335728 
0.635489 -0.364241 
-0.241885 -0.314611 
-0.237452 0.373521 
0.663772 -0.340327 
-0.214331 -0.296185 
-0.091484 0.402345 
0.444129 -0.345245 
-0.424439 -0.375884 
-0.429639 0.197317 
0.473005 -0.318779 
-0.397539 -0.353411 
-0.403412 0.223688 
0.596998 -0.345507 
-0.301618 -0.382752 
-0.275251 0.285163 
0.626116 -0.387490 
-0.233633 -0.345035 
-0.245484 0.304595 
0.653879 -0.366582 
-0.202970 -0.320095 
-0.128337 0.325456 
0.444757 -0.368699 
-0.423079 -0.386169 
-0.377314 0.162610 
0.470128 -0.346191 
-0.393206 -0.364805 
-0.259034 0.228024 
0.573207 -0.406114 
-0.293881 -0.407343 
-0.236605 0.251928 
0.631432 -0.427945 
-0.267815 -0.371590 
-0.117256 0.272657 
0.655133 -0.403260 
-0.195379 -0.358471 
-0.089531 0.297943 
0.429959 -0.372301 
-0.380151 -0.351576 
-0.419796 0.102608 
0.456276 -0.351489 
-0.271175 -0.398018 
-0.268660 0.187443 
0.586554 -0.384612 
-0.246338 -0.372294 
-0.240266 0.201061 
0.614089 -0.410925 
-0.185534 -0.378777 
-0.125227 0.234462 
0.642665 -0.386603 
-0.150042 -0.360247 
-0.093594 0.260699 
0.476994 0.341507 
-0.463948 -0.263308 
-0.366700 0.524968 
0.501543 0.356127 
-0.434637 -0.236729 
-0.194765 0.581345 
0.640158 0.270647 
-0.339281 -0.235471 
-0.171813 0.601488 
0.668923 0.289152 
-0.248209 -0.166434 
-0.008353 0.591812 
0.749560 0.206034 
-0.220920 -0.142507 
0.021459 0.621785 
0.470219 0.341455 
-0.474193 -0.287677 
-0.359127 0.550309 
0.497696 0.365107 
-0.355365 -0.263022 
-0.189578 0.589000 
0.666759 0.288245 
-0.325551 -0.235192 
-0.156472 0.606329 
0.752579 0.184130 
-0.273549 -0.196809 
-0.006552 0.585039 
0.780462 0.213655 
-0.247865 -0.178770 
0.019004 0.605753 
0.467571 0.353930 
-0.476640 -0.317488 
-0.383999 0.561468 
0.497521 0.380837 
-0.362636 -0.290146 
-0.357479 0.579347 
0.634248 0.271373 
-0.338081 -0.268963 
-0.196723 0.623007 
0.741606 0.195057 
-0.281650 -0.214681 
-0.169326 0.641521 
0.769701 0.215796 
-0.251268 -0.188410 
-0.017770 0.618883 
0.464066 0.371933 
-0.479308 -0.320628 
-0.376686 0.602985 
0.489958 0.400748 
-0.361457 -0.286922 
-0.345629 0.626269 
0.625180 0.298566 
-0.331168 -0.267156 
-0.164892 0.681111 
0.653642 0.314852 
-0.282358 -0.201827 
-0.020768 0.635357 
0.762340 0.252851 
-0.252876 -0.173268 
0.009181 0.655439 
0.463399 0.390531 
-0.429375 -0.298134 
-0.337325 0.641594 
0.495352 0.407820 
-0.343839 -0.287393 
-0.190239 0.664122 
0.627868 0.314526 
-0.318036 -0.263793 
-0.162439 0.683181 
0.735112 0.233191 
-0.275806 -0.209814 
-0.021913 0.637752 
0.765429 0.260568 
-0.245380 -0.183206 
0.009139 0.656152 
0.446976 0.399569 
-0.467288 -0.345773 
-0.369504 0.633776 
0.608159 0.320520 
-0.439387 -0.325124 
-0.348677 0.655018 
0.631133 0.346719 
-0.365457 -0.321679 
-0.195648 0.674170 
0.711476 0.240477 
-0.340283 -0.299461 
-0.171328 0.699578 
0.737697 0.259443 
-0.277455 -0.210461 
-0.004121 0.666565 
0.445282 0.403753 
-0.449267 -0.370078 
-0.333323 0.653568 
0.470549 0.434654 
-0.422993 -0.340529 
-0.184950 0.677027 
0.600723 0.331544 
-0.317548 -0.323588 
-0.154857 0.698289 
0.702892 0.253239 
-0.292738 -0.269882 
-0.025755 0.642001 
0.731074 0.276827 
-0.265490 -0.248542 
0.004017 0.655534 
0.432398 0.400682 
-0.439311 -0.374255 
-0.349550 0.638034 
0.589603 0.321903 
-0.410113 -0.351292 
-0.183991 0.677516 
0.615224 0.349393 
-0.340052 -0.355584 
-0.160017 0.700587 
0.690542 0.237269 
-0.310476 -0.339854 
-0.034264 0.634141 
0.721064 0.258372 
-0.265204 -0.277069 
-0.003956 0.661664 
0.426590 0.394114 
-0.435130 -0.379431 
-0.320141 0.625621 
0.454795 0.419166 
-0.337676 -0.376795 
-0.189706 0.633593 
0.576429 0.316476 
-0.307055 -0.350929 
-0.158934 0.661473 
0.606013 0.338354 
-0.291258 -0.322691 
-0.040566 0.587521 
0.704536 0.248004 
-0.265485 -0.297585 
-0.012978 0.613600 
0.403929 0.407529 
-0.418218 -0.393618 
-0.335646 0.611763 
0.430419 0.435505 
-0.390384 -0.377987 
-0.305439 0.626839 
0.556618 0.317825 
-0.323697 -0.392824 
-0.185197 0.631099 
0.663060 0.227276 
-0.297653 -0.371653 
-0.155701 0.656918 
0.689354 0.252870 
-0.245054 -0.306547 
-0.010195 0.626929 
0.403929 0.407529 
-0.418218 -0.393618 
-0.335646 0.611763 
0.431474 0.433242 
-0.390255 -0.365153 
-0.311732 0.632496 
0.587905 0.339533 
-0.323697 -0.392824 
-0.185197 0.631099 
0.663060 0.227276 
-0.278464 -0.335851 
-0.156990 0.652283 
0.693769 0.240510 
-0.250503 -0.315794 
-0.013864 0.614002 
0.369893 0.400006 
-0.417121 -0.404978 
-0.321104 0.573732 
0.398657 0.417847 
-0.388568 -0.387000 
-0.303295 0.601971 
0.533091 0.319595 
-0.315491 -0.393191 
-0.161288 0.616113 
0.564019 0.338370 
-0.272154 -0.333970 
-0.130853 0.643525 
0.646988 0.225797 
-0.246089 -0.306520 
-0.023183 0.586355 
0.342715 0.359930 
-0.417287 -0.413852 
-0.343767 0.471713 
0.366826 0.378881 
-0.391080 -0.385102 
-0.314671 0.501396 
0.544432 0.305313 
-0.306437 -0.411318 
-0.182873 0.523152 
0.624728 0.183482 
-0.273070 -0.386495 
-0.046359 0.506816 
0.649123 0.204692 
-0.225077 -0.345068 
-0.021128 0.524829 
0.319232 0.335274 
-0.400287 -0.421327 
-0.342115 0.428071 
0.494659 0.252238 
-0.371933 -0.400009 
-0.182249 0.477236 
0.520249 0.282243 
-0.282951 -0.430578 
-0.153869 0.498399 
0.606317 0.160494 
-0.227514 -0.401448 
-0.049821 0.458753 
0.636271 0.182444 
-0.200907 -0.381060 
-0.023519 0.488202 
0.303769 0.319283 
-0.384774 -0.392264 
-0.344524 0.387755 
0.333320 0.344052 
-0.284874 -0.425974 
-0.319880 0.413347 
0.483378 0.229901 
-0.250904 -0.401971 
-0.187387 0.442272 
0.514884 0.257003 
-0.224598 -0.397827 
-0.054055 0.446509 
0.622282 0.153847 
-0.197716 -0.376656 
-0.021910 0.469432 
0.285264 0.295699 
-0.377636 -0.389743 
-0.328573 0.352477 
0.471326 0.205988 
-0.274847 -0.426322 
-0.193423 0.389536 
0.496742 0.223649 
-0.242465 -0.406407 
-0.169073 0.409080 
0.588626 0.122712 
-0.204980 -0.400583 
-0.054096 0.409152 
0.609594 0.150375 
-0.176704 -0.373501 
-0.023474 0.428700 
0.261800 0.261334 
-0.405037 -0.417760 
-0.345716 0.267473 
0.287472 0.282794 
-0.375520 -0.393432 
-0.320047 0.292685 
0.452464 0.175537 
-0.270695 -0.433846 
-0.187851 0.335345 
0.477735 0.194602 
-0.247157 -0.407395 
-0.160448 0.364980 
0.577323 0.099726 
-0.193967 -0.406492 
-0.025430 0.388031 
0.235392 0.224113 
-0.396505 -0.430479 
-0.359291 0.207467 
0.260284 0.252272 
-0.368680 -0.405673 
-0.328490 0.240349 
0.423787 0.135534 
-0.259828 -0.453352 
-0.205791 0.274136 
0.541637 0.058542 
-0.230895 -0.431319 
-0.070036 0.310966 
0.567710 0.083719 
-0.182414 -0.438681 
-0.044594 0.330855 
0.207879 0.208366 
-0.364892 -0.413211 
-0.350740 0.161392 
0.234506 0.228386 
-0.249129 -0.463359 
-0.324575 0.183282 
0.404131 0.112999 
-0.225016 -0.442676 
-0.195107 0.217881 
0.429681 0.135814 
-0.161152 -0.458407 
-0.059663 0.253996 
0.531173 0.037911 
-0.133134 -0.440369 
-0.030541 0.273342 
0.195808 0.160909 
-0.370034 -0.398482 
-0.368023 0.107663 
0.398463 0.067817 
-0.344707 -0.370530 
-0.343684 0.127020 
0.424505 0.095322 
-0.220324 -0.438359 
-0.210174 0.165263 
0.526922 -0.005500 
-0.192314 -0.415299 
-0.185182 0.195708 
0.558858 0.021037 
-0.097937 -0.415114 
-0.046425 0.225084 
0.665048 -0.093289 
-0.547565 -0.368643 
-0.265658 0.457300 
0.692371 -0.072582 
-0.518758 -0.347109 
-0.238678 0.481457 
0.790873 -0.203128 
-0.376222 -0.360783 
-0.052300 0.553745 
0.824295 -0.178012 
-0.346690 -0.338572 
0.089435 0.558920 
0.874366 -0.241488 
-0.223646 -0.301920 
0.120159 0.583076 
0.654899 -0.056090 
-0.555211 -0.385768 
-0.254250 0.491321 
0.681421 -0.028608 
-0.523191 -0.364467 
-0.223080 0.513673 
0.807542 -0.138138 
-0.386035 -0.378426 
-0.071512 0.558018 
0.843854 -0.221492 
-0.359692 -0.345790 
-0.037612 0.587796 
0.872064 -0.204788 
-0.224660 -0.325321 
0.097374 0.572007 
0.676596 -0.027740 
-0.532422 -0.402654 
-0.207217 0.565140 
0.702896 -0.006557 
-0.505654 -0.384973 
-0.057129 0.600721 
0.804211 -0.140078 
-0.365480 -0.396543 
-0.033505 0.620805 
0.858843 -0.221239 
-0.336160 -0.375585 
0.103607 0.605117 
0.889140 -0.200037 
-0.240851 -0.373954 
0.130308 0.630794 
0.709126 -0.004977 
-0.520672 -0.407735 
-0.230938 0.576166 
0.809723 -0.139459 
-0.494551 -0.378107 
-0.201462 0.599830 
0.835468 -0.119255 
-0.358177 -0.402955 
-0.058646 0.621304 
0.869841 -0.227243 
-0.234950 -0.372283 
-0.030993 0.646595 
0.894370 -0.205393 
-0.206436 -0.348165 
0.118107 0.641855 
0.667867 0.006276 
-0.515544 -0.418663 
-0.225044 0.600485 
0.693420 0.037675 
-0.492042 -0.394445 
-0.053662 0.644114 
0.834902 -0.083804 
-0.329224 -0.394382 
-0.025200 0.662486 
0.877080 -0.202806 
-0.240319 -0.383594 
0.093227 0.635669 
0.909894 -0.180732 
-0.213082 -0.363834 
0.121815 0.668093 
0.678363 0.007018 
-0.532842 -0.414738 
-0.212148 0.639171 
0.703636 0.020121 
-0.505797 -0.387285 
-0.181634 0.659938 
0.813995 -0.107575 
-0.377898 -0.402693 
-0.047684 0.673164 
0.841693 -0.091191 
-0.347912 -0.382308 
0.091332 0.649309 
0.910454 -0.194034 
-0.261863 -0.362774 
0.120110 0.676938 
0.677139 0.006816 
-0.510709 -0.416608 
-0.199841 0.650430 
0.705136 0.029501 
-0.480048 -0.392620 
-0.167951 0.670798 
0.841015 -0.070253 
-0.320852 -0.385646 
-0.004959 0.699976 
0.880999 -0.193189 
-0.237465 -0.371757 
0.092034 0.644531 
0.905129 -0.170794 
-0.208689 -0.346489 
0.123739 0.684636 
0.657471 0.018410 
-0.477402 -0.408720 
-0.202126 0.652105 
0.684607 0.047305 
-0.351147 -0.416040 
-0.047984 0.677560 
0.810551 -0.061511 
-0.323756 -0.386450 
-0.021098 0.703430 
0.858349 -0.176505 
-0.240243 -0.390243 
0.074285 0.637697 
0.884083 -0.159142 
-0.212517 -0.364272 
0.098847 0.659738 
0.655681 0.032056 
-0.499178 -0.451392 
-0.198040 0.646548 
0.781876 -0.064675 
-0.472041 -0.427327 
-0.171635 0.669465 
0.802690 -0.035394 
-0.351945 -0.448991 
-0.050892 0.666578 
0.867537 -0.166639 
-0.239932 -0.427301 
0.073119 0.621683 
0.899529 -0.147895 
-0.214981 -0.409348 
0.100246 0.641899 
0.638050 0.052861 
-0.482591 -0.460194 
-0.186643 0.678854 
0.762606 -0.055283 
-0.453563 -0.443229 
-0.161985 0.699604 
0.792203 -0.035606 
-0.340627 -0.460937 
-0.045186 0.673804 
0.854024 -0.160257 
-0.310997 -0.438763 
-0.016976 0.694075 
0.882851 -0.139091 
-0.200546 -0.414592 
0.103907 0.647177 
0.638050 0.052861 
-0.482591 -0.460194 
-0.186643 0.678854 
0.762606 -0.055283 
-0.454708 -0.444389 
-0.161784 0.705811 
0.792969 -0.038516 
-0.340627 -0.460937 
-0.045186 0.673804 
0.854024 -0.160257 
-0.230646 -0.439673 
0.078872 0.620007 
0.882784 -0.133613 
-0.199721 -0.413145 
0.105370 0.638846 
0.641892 0.082548 
-0.470194 -0.475859 
-0.190513 0.668272 
0.745363 -0.046736 
-0.443925 -0.459802 
-0.037110 0.677736 
0.775262 -0.024949 
-0.325189 -0.466391 
-0.007947 0.708543 
0.844734 -0.155943 
-0.295233 -0.440113 
0.090773 0.617213 
0.872351 -0.132532 
-0.188223 -0.422059 
0.120480 0.641710 
0.589817 0.034665 
-0.472981 -0.508456 
-0.207705 0.605087 
0.729426 -0.064616 
-0.446636 -0.485450 
-0.183051 0.627569 
0.758167 -0.035288 
-0.322299 -0.507613 
-0.047845 0.627231 
0.823056 -0.171713 
-0.292633 -0.481272 
-0.026739 0.658703 
0.855859 -0.149001 
-0.214071 -0.491242 
0.108392 0.602893 
0.562089 0.021458 
-0.439387 -0.494202 
-0.182146 0.560303 
0.592233 0.039220 
-0.317008 -0.516362 
-0.051660 0.559113 
0.704803 -0.062055 
-0.285743 -0.502244 
-0.025506 0.581432 
0.733322 -0.034026 
-0.210488 -0.499701 
0.072740 0.513064 
0.823584 -0.126547 
-0.186437 -0.472901 
0.105827 0.538373 
0.560515 0.032423 
-0.426883 -0.493525 
-0.224473 0.504888 
0.674634 -0.080630 
-0.292526 -0.522203 
-0.198387 0.523487 
0.702126 -0.060117 
-0.266481 -0.505409 
-0.061049 0.532882 
0.763719 -0.155441 
-0.176935 -0.514881 
-0.031276 0.547707 
0.792655 -0.133961 
-0.149901 -0.497938 
0.065445 0.501696 
0.516973 0.001823 
-0.410231 -0.509958 
-0.235934 0.472170 
0.548454 0.016312 
-0.280635 -0.542500 
-0.203181 0.496258 
0.661451 -0.076667 
-0.249139 -0.524961 
-0.066658 0.501575 
0.688880 -0.052339 
-0.167349 -0.536320 
-0.041326 0.525023 
0.786649 -0.118487 
-0.136334 -0.508921 
0.098626 0.493537 
0.490869 0.007741 
-0.424136 -0.534117 
-0.218985 0.454444 
0.520207 0.040364 
-0.269754 -0.556501 
-0.073725 0.458083 
0.639885 -0.066997 
-0.242029 -0.529200 
-0.040347 0.487229 
0.666556 -0.035359 
-0.153156 -0.548934 
0.069182 0.445464 
0.745536 -0.114172 
-0.126898 -0.522578 
0.097742 0.469975 
0.469042 -0.035322 
-0.421212 -0.548967 
-0.256139 0.380553 
0.489335 -0.007912 
-0.392928 -0.527161 
-0.233022 0.399417 
0.617012 -0.109308 
-0.264416 -0.573253 
-0.055482 0.447688 
0.716037 -0.154342 
-0.145337 -0.577054 
0.070431 0.393579 
0.739254 -0.135658 
-0.119495 -0.552801 
0.097378 0.421051 
0.423153 -0.053044 
-0.413286 -0.551669 
-0.254464 0.338524 
0.452430 -0.029471 
-0.389396 -0.527617 
-0.221887 0.359676 
0.575284 -0.123058 
-0.228205 -0.563021 
-0.075276 0.360296 
0.602331 -0.103292 
-0.135448 -0.601439 
-0.047115 0.379012 
0.713897 -0.123466 
-0.102134 -0.582293 
0.075584 0.339958 
0.397716 -0.043202 
-0.403384 -0.537861 
-0.271833 0.294289 
0.424335 -0.022283 
-0.374092 -0.515625 
-0.244473 0.320894 
0.590936 -0.076400 
-0.244972 -0.570750 
-0.084432 0.317428 
0.674738 -0.135745 
-0.123810 -0.579000 
-0.055134 0.336199 
0.702195 -0.117408 
-0.103539 -0.548815 
0.094969 0.322537 
0.312177 0.353539 
-0.421699 -0.254207 
-0.223006 0.489004 
0.339950 0.378128 
-0.392870 -0.233894 
-0.192537 0.509954 
0.443835 0.368009 
-0.292112 -0.201997 
-0.010810 0.555160 
0.527824 0.394283 
-0.263465 -0.176558 
0.110468 0.547527 
0.554675 0.422132 
-0.187261 -0.123998 
0.137686 0.566103 
0.310537 0.369412 
-0.440578 -0.290893 
-0.197094 0.521311 
0.336250 0.398575 
-0.416257 -0.262433 
-0.022780 0.553757 
0.441845 0.385564 
-0.293530 -0.216831 
0.006437 0.578219 
0.472667 0.406608 
-0.227056 -0.156763 
0.128873 0.554699 
0.558221 0.437178 
-0.199675 -0.138924 
0.155905 0.582917 
0.304501 0.395703 
-0.440204 -0.305338 
-0.171925 0.582747 
0.335805 0.419931 
-0.409814 -0.285750 
-0.025819 0.588390 
0.436396 0.403921 
-0.321335 -0.244438 
0.002587 0.604577 
0.519951 0.423985 
-0.293093 -0.221760 
0.118210 0.580995 
0.545634 0.442283 
-0.235982 -0.152383 
0.147599 0.604591 
0.331176 0.440484 
-0.444482 -0.312957 
-0.186480 0.604435 
0.436933 0.416069 
-0.417956 -0.285087 
-0.160997 0.623571 
0.467358 0.441004 
-0.294813 -0.224315 
0.003703 0.643068 
0.523173 0.441796 
-0.238268 -0.146789 
0.115008 0.607868 
0.550563 0.466479 
-0.209617 -0.117116 
0.142913 0.632517 
0.297772 0.429613 
-0.424480 -0.335715 
-0.172862 0.641444 
0.330163 0.456980 
-0.397240 -0.314641 
-0.145518 0.671535 
0.429161 0.432300 
-0.312413 -0.271093 
-0.007951 0.648300 
0.513360 0.447565 
-0.283411 -0.251990 
0.125023 0.626218 
0.544286 0.469049 
-0.239481 -0.173105 
0.152245 0.654315 
0.300113 0.442931 
-0.436924 -0.355416 
-0.179893 0.670237 
0.326739 0.465927 
-0.328981 -0.289767 
-0.149293 0.697427 
0.431172 0.432924 
-0.297803 -0.262610 
-0.022061 0.673798 
0.456428 0.453777 
-0.258984 -0.194152 
0.102397 0.642752 
0.517344 0.441901 
-0.230668 -0.176181 
0.133340 0.661777 
0.303201 0.440819 
-0.417857 -0.363486 
-0.160488 0.687671 
0.329602 0.468211 
-0.387322 -0.341094 
-0.133904 0.715797 
0.434425 0.430996 
-0.307372 -0.300513 
-0.002240 0.689382 
0.514701 0.433734 
-0.282981 -0.279785 
0.118699 0.644084 
0.543742 0.450372 
-0.217957 -0.182065 
0.144749 0.666461 
0.290864 0.450320 
-0.413297 -0.369320 
-0.165628 0.689929 
0.419910 0.435895 
-0.383369 -0.349856 
-0.137403 0.709360 
0.442317 0.459223 
-0.308545 -0.312904 
0.013417 0.707418 
0.499783 0.431872 
-0.276710 -0.282633 
0.099175 0.633834 
0.527966 0.457348 
-0.218178 -0.212617 
0.130983 0.654713 
0.279738 0.465490 
-0.401156 -0.383107 
-0.164945 0.692874 
0.410096 0.438795 
-0.370387 -0.360159 
-0.141493 0.720936 
0.440891 0.466852 
-0.305694 -0.341382 
-0.014325 0.683679 
0.496185 0.431915 
-0.276196 -0.321347 
0.101340 0.635327 
0.526892 0.457847 
-0.225093 -0.242037 
0.130710 0.661370 
0.271620 0.484440 
-0.391261 -0.396867 
-0.170945 0.735892 
0.299272 0.514017 
-0.295984 -0.357937 
-0.021736 0.702553 
0.403986 0.443905 
-0.264370 -0.338690 
0.010547 0.730028 
0.433337 0.469816 
-0.243873 -0.284262 
0.101132 0.639445 
0.525713 0.448566 
-0.215233 -0.263568 
0.127304 0.666172 
0.271620 0.484440 
-0.391261 -0.396867 
-0.170945 0.735892 
0.301479 0.508051 
-0.361215 -0.371232 
-0.145820 0.755370 
0.403986 0.443905 
-0.295984 -0.357937 
-0.021736 0.702553 
0.434219 0.462197 
-0.243873 -0.284262 
0.008816 0.732322 
0.497794 0.431994 
-0.219716 -0.258633 
0.101132 0.639445 
0.242652 0.485226 
-0.392434 -0.406082 
-0.190981 0.729445 
0.275276 0.499032 
-0.360806 -0.386518 
-0.161753 0.754811 
0.387453 0.452788 
-0.259280 -0.333766 
-0.023890 0.712702 
0.491188 0.435986 
-0.235470 -0.283245 
0.004259 0.740402 
0.519634 0.450737 
-0.210240 -0.263135 
0.139009 0.662428 
0.219518 0.478490 
-0.391130 -0.430113 
-0.219581 0.671297 
0.248305 0.508211 
-0.362636 -0.410419 
-0.193619 0.689957 
0.372553 0.440653 
-0.278137 -0.392373 
-0.045552 0.669055 
0.484517 0.416042 
-0.249769 -0.372689 
-0.015903 0.688049 
0.512474 0.437352 
-0.193077 -0.306858 
0.089709 0.605955 
0.205542 0.456216 
-0.376380 -0.438000 
-0.204104 0.620009 
0.232878 0.477120 
-0.349777 -0.412625 
-0.054331 0.603377 
0.364371 0.417028 
-0.255877 -0.412614 
-0.028839 0.634908 
0.390774 0.438528 
-0.223080 -0.389915 
0.080784 0.543900 
0.506853 0.418339 
-0.195346 -0.362773 
0.107629 0.569791 
0.221740 0.463145 
-0.354558 -0.407901 
-0.247489 0.578212 
0.359999 0.399423 
-0.265112 -0.409115 
-0.065413 0.585975 
0.389395 0.420454 
-0.241441 -0.386359 
-0.038553 0.613929 
0.469896 0.375652 
-0.202390 -0.357878 
0.074475 0.535724 
0.494931 0.396995 
-0.176838 -0.330072 
0.102662 0.552598 
0.199199 0.440574 
-0.386078 -0.452261 
-0.263837 0.549792 
0.342908 0.364989 
-0.254945 -0.431632 
-0.237318 0.577106 
0.370191 0.386031 
-0.227855 -0.409602 
-0.076882 0.563251 
0.459221 0.344006 
-0.180306 -0.383530 
-0.052471 0.587009 
0.484173 0.364196 
-0.148621 -0.362950 
0.104333 0.548995 
0.160419 0.406187 
-0.380027 -0.452210 
-0.261604 0.518414 
0.188864 0.428205 
-0.247668 -0.440869 
-0.093574 0.509347 
0.336848 0.354282 
-0.219118 -0.416891 
-0.068452 0.522923 
0.467139 0.336177 
-0.169502 -0.390110 
0.065792 0.484217 
0.496241 0.360490 
-0.145908 -0.355650 
0.093384 0.510699 
0.148848 0.391446 
-0.345587 -0.422017 
-0.288566 0.453735 
0.327194 0.334161 
-0.239724 -0.452139 
-0.263603 0.471200 
0.355037 0.360703 
-0.209703 -0.429838 
-0.064275 0.488203 
0.453652 0.308705 
-0.161531 -0.413833 
0.073053 0.436563 
0.480099 0.335691 
-0.138581 -0.385238 
0.104000 0.458981 
0.130173 0.380462 
-0.364655 -0.459729 
-0.302339 0.408238 
0.313249 0.317186 
-0.330512 -0.435749 
-0.272250 0.435884 
0.342368 0.340404 
-0.225119 -0.467101 
-0.103566 0.415069 
0.449820 0.290046 
-0.138653 -0.440953 
-0.078065 0.452429 
0.474261 0.314647 
-0.106988 -0.420777 
0.063546 0.387707 
0.118237 0.365238 
-0.327352 -0.437850 
-0.298256 0.406553 
0.145813 0.389882 
-0.206221 -0.463580 
-0.124211 0.391279 
0.325811 0.329863 
-0.176978 -0.440603 
-0.102685 0.418693 
0.443071 0.273813 
-0.112052 -0.437809 
0.051432 0.359642 
0.472874 0.297838 
-0.085385 -0.409378 
0.083055 0.385962 
